[cosmological_parameters]
ombh2 = 0.02  0.022383  0.03
omega_m  =  0.05    0.29352189787340449    0.8
h0  =  0.6  0.6736  0.8
omega_k = 0.0     ;spatial curvature 
w  = -2. -1. 0.0 
wa =  -1.  0.0 1.0 
tau = 0.03  0.0543  0.15

;inflation Parameters
n_s =0.9  0.96605  1.0  ;scalar spectral index
log1e10As =  2.9   3.0448  3.1

sigma8_input = 0.801

[firecrown_supernova_parameters]
M=-20 -19.3 -19