{
 "cells": [
  {
   "cell_type": "code",
   "execution_count": 1,
   "metadata": {},
   "outputs": [],
   "source": [
    "import numpy as np\n",
    "import pandas as pd\n",
    "from getdist import plots\n",
    "from getdist.gaussian_mixtures import GaussianND"
   ]
  },
  {
   "cell_type": "markdown",
   "metadata": {},
   "source": [
    "# 1. Data manipulation from cosmosis output and post-process to better visualization\n"
   ]
  },
  {
   "cell_type": "code",
   "execution_count": 2,
   "metadata": {},
   "outputs": [],
   "source": [
    "# Defining input file paths\n",
    "txt_string = \"./forecast_3x2pt_PT_samples.txt\"\n",
    "means_string = \"./means.txt\"\n",
    "\n",
    "\n",
    "\"\"\"---- Data manipulation from cosmosis output to create more organized pandas DataFrames ----\"\"\"\n",
    "# Loading the Fisher matrix from the text file\n",
    "fisher_lsst_3x2pt = np.loadtxt(txt_string)\n",
    "\n",
    "# Reading the first line of the file to extract parameter names\n",
    "with open(txt_string, \"r\") as file:\n",
    "    first_line = file.readline().strip()\n",
    "\n",
    "# Extracting parameter names, assuming they are space-separated and may contain \"--\"\n",
    "param_names = first_line.split()\n",
    "param_names = [param.split(\"--\")[-1] for param in param_names]\n",
    "\n",
    "# Creating a DataFrame for the Fisher matrix with parameters as rows and columns\n",
    "lsst_3x2pt_fisher_df = pd.DataFrame(\n",
    "    fisher_lsst_3x2pt, columns=param_names, index=param_names\n",
    ")\n",
    "\n",
    "# Creating a DataFrame to store 'mean' and 'sigma' values\n",
    "lsst_3x2pt_means_df = pd.DataFrame(index=[\"mean\", \"sigma\"])\n",
    "\n",
    "# Reading the 'means' file and extracting mean and error data\n",
    "with open(means_string, \"r\") as file:\n",
    "    next(file)  # Skipping the first line, if necessary\n",
    "    for line in file:\n",
    "        lines = line.split()  # Assuming values are space-separated\n",
    "        param_line = [param.split(\"--\")[-1] for param in lines]  # Handling the \"--\"\n",
    "        key = param_line[0]  # Parameter name\n",
    "        mean = float(param_line[1])  # Mean value\n",
    "        sigma = float(param_line[2])  # Error\n",
    "        lsst_3x2pt_means_df[key] = [mean, sigma]  # Adding to DataFrame\n",
    "\"\"\"----------------------------------------------------------------------------------------------\"\"\"\n",
    "\n",
    "\n",
    "# Transposing the DataFrame for easier access to values by parameter\n",
    "lsst_3x2pt_means_df = lsst_3x2pt_means_df.T\n",
    "\n",
    "# ---- Converting pandas DataFrames to numpy arrays ---- #\n",
    "\n",
    "# List of varying parameters\n",
    "lsst_3x2pt_vary_param = lsst_3x2pt_means_df.index\n",
    "\n",
    "# Fiducial values (mean)\n",
    "lsst_3x2pt_vary_param_fid_values = lsst_3x2pt_means_df[\"mean\"]\n",
    "\n",
    "# Errors (sigma)\n",
    "lsst_3x2pt_vary_param_fid_errors = lsst_3x2pt_means_df[\"sigma\"]\n",
    "\n",
    "# Inverting the Fisher matrix\n",
    "lsst_3x2pt_fisher_df_inv = np.linalg.inv(lsst_3x2pt_fisher_df)"
   ]
  },
  {
   "cell_type": "code",
   "execution_count": 3,
   "metadata": {},
   "outputs": [
    {
     "name": "stdout",
     "output_type": "stream",
     "text": [
      "                     omega_c       sigma_8           n_s             w  \\\n",
      "omega_c         4.330612e+06  7.686864e+06  1.256866e+06  1.059209e+06   \n",
      "sigma_8         7.686864e+06  3.533856e+07  4.694771e+06  6.129847e+06   \n",
      "n_s             1.256866e+06  4.694771e+06  7.861140e+05  8.163953e+05   \n",
      "w               1.059209e+06  6.129847e+06  8.163953e+05  1.155159e+06   \n",
      "wa              2.296769e+05  1.164943e+06  1.576521e+05  2.226750e+05   \n",
      "omega_b         4.738202e+05 -5.882582e+06 -9.648535e+05 -1.343622e+06   \n",
      "h0              8.863193e+05  3.090390e+06  5.179571e+05  5.468471e+05   \n",
      "ia_a_1         -1.031128e+04 -9.691958e+03 -1.360900e+03  3.188593e+02   \n",
      "lens0_mag_bias  4.767895e+03  6.121159e+04  8.211866e+03  8.618729e+03   \n",
      "lens1_mag_bias  8.771491e+03  4.485995e+04  5.046524e+03  5.152919e+03   \n",
      "lens2_mag_bias  4.253410e+03  1.474686e+04  2.415186e+03  9.724914e+02   \n",
      "lens3_mag_bias -1.227409e+04 -1.958099e+04 -1.891743e+03 -4.883336e+03   \n",
      "lens4_mag_bias -9.607202e+03 -2.503770e+04 -4.180183e+03 -5.188664e+03   \n",
      "lens0_bias     -6.700377e+04  3.754707e+06  4.973369e+05  5.838727e+05   \n",
      "lens1_bias      3.213023e+05  3.465946e+06  3.852358e+05  5.905003e+05   \n",
      "lens2_bias      5.805176e+05  2.756290e+06  3.390091e+05  5.270127e+05   \n",
      "lens3_bias      6.602517e+05  2.199909e+06  3.027395e+05  4.427342e+05   \n",
      "lens4_bias      6.481642e+05  1.791084e+06  2.635230e+05  3.744967e+05   \n",
      "src0_delta_z    1.227182e+04  2.849726e+04  4.382958e+03  6.058689e+00   \n",
      "src1_delta_z    1.077668e+05  6.141717e+04  1.062698e+04 -3.084317e+03   \n",
      "src2_delta_z    2.455696e+05  2.933364e+04  6.123704e+03 -3.275469e+04   \n",
      "src3_delta_z    2.444062e+05 -1.281210e+04 -1.275635e+03 -5.166047e+04   \n",
      "src4_delta_z    3.868524e+05 -1.597062e+05 -1.413543e+04 -1.382277e+05   \n",
      "lens0_delta_z  -4.677047e+02 -7.690660e+06 -9.865667e+05 -1.149428e+06   \n",
      "lens1_delta_z  -6.309276e+05 -5.655222e+06 -6.487335e+05 -9.160085e+05   \n",
      "lens2_delta_z  -7.732964e+05 -3.555462e+06 -4.666741e+05 -6.621064e+05   \n",
      "lens3_delta_z  -6.334300e+05 -2.199962e+06 -3.296870e+05 -4.360969e+05   \n",
      "lens4_delta_z  -5.557724e+05 -1.511488e+06 -2.386061e+05 -3.151781e+05   \n",
      "\n",
      "                          wa       omega_b            h0        ia_a_1  \\\n",
      "omega_c         2.296769e+05  4.738202e+05  8.863193e+05 -10311.279288   \n",
      "sigma_8         1.164943e+06 -5.882582e+06  3.090390e+06  -9691.957693   \n",
      "n_s             1.576521e+05 -9.648535e+05  5.179571e+05  -1360.900100   \n",
      "w               2.226750e+05 -1.343622e+06  5.468471e+05    318.859258   \n",
      "wa              4.397019e+04 -2.420402e+05  1.074674e+05    -36.755139   \n",
      "omega_b        -2.420402e+05  3.332815e+06 -6.474967e+05  -7514.204974   \n",
      "h0              1.074674e+05 -6.474967e+05  3.540870e+05   -664.758792   \n",
      "ia_a_1         -3.675514e+01 -7.514205e+03 -6.647588e+02   2916.578646   \n",
      "lens0_mag_bias  1.331482e+03 -1.423425e+04  4.386865e+03    113.620888   \n",
      "lens1_mag_bias  7.501030e+02 -5.058110e+03  3.108998e+03     54.169003   \n",
      "lens2_mag_bias -2.136421e+01 -3.295810e+03  1.730677e+03     16.171679   \n",
      "lens3_mag_bias -1.436660e+03 -6.813773e+03 -1.183408e+03   -159.378288   \n",
      "lens4_mag_bias -1.202294e+03  4.094375e+03 -3.188665e+03      0.677576   \n",
      "lens0_bias      8.736152e+04 -1.221893e+06  2.659518e+05   -310.594295   \n",
      "lens1_bias      9.864521e+04 -7.240811e+05  2.335076e+05   -756.339672   \n",
      "lens2_bias      1.010979e+05 -4.710764e+05  2.344179e+05   -330.399086   \n",
      "lens3_bias      9.465138e+04 -3.352213e+05  2.265910e+05    -68.171781   \n",
      "lens4_bias      8.694341e+04 -2.630409e+05  2.076483e+05    -63.109510   \n",
      "src0_delta_z    4.215429e+02  2.753645e+03  2.220687e+03 -16632.946328   \n",
      "src1_delta_z    5.195097e+02  8.482773e+04  5.451942e+03  -9757.614489   \n",
      "src2_delta_z   -4.037689e+03  2.337214e+05  3.014977e+03  -4100.377360   \n",
      "src3_delta_z   -8.831556e+03  2.493748e+05 -9.567054e+02   -849.583069   \n",
      "src4_delta_z   -2.992766e+04  4.308836e+05 -9.165591e+03   1557.440933   \n",
      "lens0_delta_z  -1.701838e+05  2.301806e+06 -5.274366e+05  -1635.088712   \n",
      "lens1_delta_z  -1.510126e+05  1.098205e+06 -3.892706e+05    292.348327   \n",
      "lens2_delta_z  -1.253464e+05  6.209451e+05 -3.148401e+05    258.275867   \n",
      "lens3_delta_z  -9.088200e+04  4.070871e+05 -2.404375e+05    952.654865   \n",
      "lens4_delta_z  -7.301068e+04  2.370144e+05 -1.826107e+05     60.694920   \n",
      "\n",
      "                lens0_mag_bias  lens1_mag_bias  ...   src0_delta_z  \\\n",
      "omega_c            4767.894904     8771.490642  ...   12271.822827   \n",
      "sigma_8           61211.590173    44859.948466  ...   28497.257558   \n",
      "n_s                8211.866284     5046.523916  ...    4382.957790   \n",
      "w                  8618.728958     5152.918877  ...       6.058689   \n",
      "wa                 1331.482337      750.103006  ...     421.542852   \n",
      "omega_b          -14234.249137    -5058.110409  ...    2753.645311   \n",
      "h0                 4386.865271     3108.998335  ...    2220.686697   \n",
      "ia_a_1              113.620888       54.169003  ...  -16632.946328   \n",
      "lens0_mag_bias      637.468371      -11.242358  ...     464.946782   \n",
      "lens1_mag_bias      -11.242358     1922.098381  ...     240.512948   \n",
      "lens2_mag_bias       83.109803     -193.817700  ...     171.732384   \n",
      "lens3_mag_bias       50.096074      242.431056  ...     144.629067   \n",
      "lens4_mag_bias       -0.184091       -0.295644  ...      -0.504209   \n",
      "lens0_bias        29146.659807     -333.733062  ...    9056.621603   \n",
      "lens1_bias         -222.856766    15948.420837  ...    1184.472707   \n",
      "lens2_bias          138.593465     -945.246396  ...     135.309414   \n",
      "lens3_bias          -12.731286      258.158837  ...     -28.244192   \n",
      "lens4_bias           20.959578       38.411819  ...      49.522208   \n",
      "src0_delta_z        464.946782      240.512948  ...  208578.235714   \n",
      "src1_delta_z       -534.798726     1841.819544  ...  -17093.324977   \n",
      "src2_delta_z        -69.039221     -613.929401  ...   -5528.476949   \n",
      "src3_delta_z       -984.043563     4011.586822  ...   -3054.793372   \n",
      "src4_delta_z       -960.513146      575.070375  ...   -2563.794518   \n",
      "lens0_delta_z    -63989.126963      788.028866  ...  -29720.912656   \n",
      "lens1_delta_z       615.697400   -52678.705889  ...   -5357.335997   \n",
      "lens2_delta_z      -734.413929     2577.265550  ...   -1381.478458   \n",
      "lens3_delta_z      -275.109548    -1577.087579  ...    -794.596102   \n",
      "lens4_delta_z       -15.088453      -28.186697  ...     -41.475397   \n",
      "\n",
      "                 src1_delta_z   src2_delta_z   src3_delta_z   src4_delta_z  \\\n",
      "omega_c         107766.849944  245569.619426  244406.210887  386852.376313   \n",
      "sigma_8          61417.173066   29333.635676  -12812.103025 -159706.191535   \n",
      "n_s              10626.982736    6123.704395   -1275.634625  -14135.433796   \n",
      "w                -3084.317419  -32754.685059  -51660.470563 -138227.675726   \n",
      "wa                 519.509658   -4037.689133   -8831.555519  -29927.660023   \n",
      "omega_b          84827.726472  233721.374985  249374.787418  430883.600159   \n",
      "h0                5451.941613    3014.976951    -956.705364   -9165.590807   \n",
      "ia_a_1           -9757.614489   -4100.377360    -849.583069    1557.440933   \n",
      "lens0_mag_bias    -534.798726     -69.039221    -984.043563    -960.513146   \n",
      "lens1_mag_bias    1841.819544    -613.929401    4011.586822     575.070375   \n",
      "lens2_mag_bias     603.373948    1709.203103   -1625.157646    7862.923193   \n",
      "lens3_mag_bias     583.233170     728.299617    1171.868464   30644.169073   \n",
      "lens4_mag_bias      -2.637017      -4.517756      -9.451970     119.775486   \n",
      "lens0_bias      -11822.578751  -67994.604772  -41848.220669  -31312.939904   \n",
      "lens1_bias       11172.621521   -5103.181084  -51545.664855  -62515.476833   \n",
      "lens2_bias        1028.961074    4529.467482   -7810.760356  -80882.309738   \n",
      "lens3_bias         209.707631     208.197437    1469.573878  -59199.791712   \n",
      "lens4_bias         244.830958     426.635165     911.949672  -11987.656736   \n",
      "src0_delta_z    -17093.324977   -5528.476949   -3054.793372   -2563.794518   \n",
      "src1_delta_z    254925.030515  -29544.982458  -13073.631266  -12324.688286   \n",
      "src2_delta_z    -29544.982458  281137.523847  -24246.427177  -17350.362612   \n",
      "src3_delta_z    -13073.631266  -24246.427177  220606.640305  -30698.468246   \n",
      "src4_delta_z    -12324.688286  -17350.362612  -30698.468246  542024.612043   \n",
      "lens0_delta_z    35496.258623   16622.572127   66915.961517   49029.278355   \n",
      "lens1_delta_z   -41772.444537   16094.666163  -53355.631089   71697.766078   \n",
      "lens2_delta_z    -5541.615471  -17236.951366   19688.516422   31054.952842   \n",
      "lens3_delta_z    -3540.486182   -4479.960979   -8355.029598 -109656.482208   \n",
      "lens4_delta_z     -211.771028    -375.496208    -795.444040    9126.512937   \n",
      "\n",
      "                lens0_delta_z  lens1_delta_z  lens2_delta_z  lens3_delta_z  \\\n",
      "omega_c         -4.677047e+02  -6.309276e+05  -7.732964e+05  -6.334300e+05   \n",
      "sigma_8         -7.690660e+06  -5.655222e+06  -3.555462e+06  -2.199962e+06   \n",
      "n_s             -9.865667e+05  -6.487335e+05  -4.666741e+05  -3.296870e+05   \n",
      "w               -1.149428e+06  -9.160085e+05  -6.621064e+05  -4.360969e+05   \n",
      "wa              -1.701838e+05  -1.510126e+05  -1.253464e+05  -9.088200e+04   \n",
      "omega_b          2.301806e+06   1.098205e+06   6.209451e+05   4.070871e+05   \n",
      "h0              -5.274366e+05  -3.892706e+05  -3.148401e+05  -2.404375e+05   \n",
      "ia_a_1          -1.635089e+03   2.923483e+02   2.582759e+02   9.526549e+02   \n",
      "lens0_mag_bias  -6.398913e+04   6.156974e+02  -7.344139e+02  -2.751095e+02   \n",
      "lens1_mag_bias   7.880289e+02  -5.267871e+04   2.577266e+03  -1.577088e+03   \n",
      "lens2_mag_bias  -3.774848e+03   4.284671e+03  -3.354139e+04   5.124773e+03   \n",
      "lens3_mag_bias  -2.101723e+03  -4.937303e+03   7.869157e+03  -3.547811e+04   \n",
      "lens4_mag_bias  -4.806523e+00  -9.302412e+00   6.475441e+01  -5.326316e+02   \n",
      "lens0_bias      -3.889457e+06   2.650725e+04  -1.126237e+04  -5.323913e+03   \n",
      "lens1_bias       2.772333e+04  -2.371642e+06   3.990498e+04  -1.085676e+04   \n",
      "lens2_bias       1.456074e+04   4.905848e+04  -1.420640e+06   4.030477e+04   \n",
      "lens3_bias       6.395978e+03   2.145549e+02   4.332104e+04  -8.459002e+05   \n",
      "lens4_bias       5.753500e+02   9.598427e+02  -5.555755e+03   3.908208e+04   \n",
      "src0_delta_z    -2.972091e+04  -5.357336e+03  -1.381478e+03  -7.945961e+02   \n",
      "src1_delta_z     3.549626e+04  -4.177244e+04  -5.541615e+03  -3.540486e+03   \n",
      "src2_delta_z     1.662257e+04   1.609467e+04  -1.723695e+04  -4.479961e+03   \n",
      "src3_delta_z     6.691596e+04  -5.335563e+04   1.968852e+04  -8.355030e+03   \n",
      "src4_delta_z     4.902928e+04   7.169777e+04   3.105495e+04  -1.096565e+05   \n",
      "lens0_delta_z    8.340938e+06  -5.311451e+04   1.282130e+04   6.324341e+03   \n",
      "lens1_delta_z   -5.311451e+04   4.311851e+06  -9.450998e+04   2.736139e+04   \n",
      "lens2_delta_z    1.282130e+04  -9.450998e+04   2.050709e+06  -8.736618e+04   \n",
      "lens3_delta_z    6.324341e+03   2.736139e+04  -8.736618e+04   1.101699e+06   \n",
      "lens4_delta_z   -4.039816e+02  -7.198452e+02   4.364342e+03  -3.235620e+04   \n",
      "\n",
      "                lens4_delta_z  \n",
      "omega_c         -5.557724e+05  \n",
      "sigma_8         -1.511488e+06  \n",
      "n_s             -2.386061e+05  \n",
      "w               -3.151781e+05  \n",
      "wa              -7.301068e+04  \n",
      "omega_b          2.370144e+05  \n",
      "h0              -1.826107e+05  \n",
      "ia_a_1           6.069492e+01  \n",
      "lens0_mag_bias  -1.508845e+01  \n",
      "lens1_mag_bias  -2.818670e+01  \n",
      "lens2_mag_bias  -3.625063e+02  \n",
      "lens3_mag_bias   9.166752e+02  \n",
      "lens4_mag_bias   7.648950e+03  \n",
      "lens0_bias      -1.430888e+02  \n",
      "lens1_bias       1.641980e+02  \n",
      "lens2_bias      -1.444520e+03  \n",
      "lens3_bias       2.641809e+04  \n",
      "lens4_bias      -5.382592e+05  \n",
      "src0_delta_z    -4.147540e+01  \n",
      "src1_delta_z    -2.117710e+02  \n",
      "src2_delta_z    -3.754962e+02  \n",
      "src3_delta_z    -7.954440e+02  \n",
      "src4_delta_z     9.126513e+03  \n",
      "lens0_delta_z   -4.039816e+02  \n",
      "lens1_delta_z   -7.198452e+02  \n",
      "lens2_delta_z    4.364342e+03  \n",
      "lens3_delta_z   -3.235620e+04  \n",
      "lens4_delta_z    4.639118e+05  \n",
      "\n",
      "[28 rows x 28 columns]\n",
      "[[ 7.40217884e-04 -6.80682099e-04  2.47661792e-04  4.67448356e-03\n",
      "  -9.84077163e-03  5.12076282e-05 -1.53484803e-03 -2.19996711e-03\n",
      "  -4.24651520e-03 -4.86138391e-06 -2.18022625e-04 -4.81417477e-05\n",
      "   5.03664092e-04  1.96735835e-04  5.05698587e-05 -3.65280228e-05\n",
      "  -2.81628975e-05  1.38097727e-06 -1.62619073e-04 -2.27331450e-04\n",
      "  -2.35845355e-04 -2.45299180e-04 -1.34367962e-04 -2.04877888e-04\n",
      "  -2.31079076e-04 -2.34260051e-04 -2.28502346e-04 -2.24300085e-04]\n",
      " [-6.80682099e-04  6.58062235e-04 -1.73700265e-04 -4.50888975e-03\n",
      "   9.31410267e-03 -8.32236869e-05  1.25195036e-03  2.14105195e-03\n",
      "   3.96451330e-03 -2.79646954e-05  2.38708707e-04  7.36296110e-05\n",
      "  -1.64133677e-03 -1.89254752e-04 -4.63230579e-05  4.82286327e-05\n",
      "   4.26590184e-05  1.98258715e-05  1.57892165e-04  2.17991920e-04\n",
      "   2.23828839e-04  2.29633210e-04  1.22782755e-04  1.97275846e-04\n",
      "   2.22196755e-04  2.29382763e-04  2.20915762e-04  2.36802778e-04]\n",
      " [ 2.47661792e-04 -1.73700265e-04  1.19467879e-03 -1.60386954e-03\n",
      "   7.68557187e-04 -1.59106244e-04 -2.22258249e-03  2.33469567e-04\n",
      "  -4.69143152e-03 -1.56157068e-03 -8.54313464e-04 -5.69540294e-04\n",
      "   2.76294321e-03  6.11723090e-04  7.32385821e-04  8.41977744e-04\n",
      "   9.44989093e-04  1.03133895e-03 -1.97287779e-05 -7.33601655e-05\n",
      "  -1.24537156e-04 -1.72066473e-04 -8.93977044e-05 -7.45384767e-05\n",
      "  -1.18933919e-04 -1.68296281e-04 -2.23594808e-04 -3.30013084e-04]\n",
      " [ 4.67448356e-03 -4.50888975e-03 -1.60386954e-03  5.02118715e-02\n",
      "  -1.14688807e-01  9.57829620e-04 -4.49832228e-03 -1.72805017e-02\n",
      "   3.80739680e-03  1.01581037e-02  3.32289906e-03  2.95279658e-03\n",
      "  -2.54157527e-03 -1.56288848e-03 -2.80601225e-03 -3.53141403e-03\n",
      "  -3.56479423e-03 -3.34598605e-03 -9.79441696e-04 -1.13205206e-03\n",
      "  -9.11371285e-04 -7.77900465e-04 -5.59271388e-04 -9.91254167e-04\n",
      "  -8.70346116e-04 -5.37839885e-04 -2.10378607e-04  2.36790137e-04]\n",
      " [-9.84077163e-03  9.31410267e-03  7.68557188e-04 -1.14688807e-01\n",
      "   2.96801443e-01 -1.65417664e-03  1.32586409e-02  3.42226777e-02\n",
      "  -3.26336489e-02 -2.39235807e-02 -7.10390968e-03 -6.28471265e-03\n",
      "  -2.46331576e-03  3.58298067e-03  5.64155439e-03  6.45003755e-03\n",
      "   5.86628702e-03  4.75837361e-03  1.70641083e-03  1.87199654e-03\n",
      "   1.35242958e-03  1.18742108e-03  1.15324886e-03  1.60071911e-03\n",
      "   1.29856733e-03  4.82499381e-04 -2.04120592e-04 -9.78581663e-04]\n",
      " [ 5.12076282e-05 -8.32236869e-05 -1.59106244e-04  9.57829620e-04\n",
      "  -1.65417664e-03  6.19715126e-05  2.45187068e-04 -3.80946080e-04\n",
      "  -1.53114504e-05  2.13533133e-04  8.11444564e-05  7.98527152e-05\n",
      "   1.00350996e-03 -5.13236445e-05 -9.09688721e-05 -1.20393854e-04\n",
      "  -1.32404141e-04 -1.41642025e-04 -2.30222356e-05 -2.56238189e-05\n",
      "  -1.98607278e-05 -1.46571224e-05 -8.62650198e-06 -2.22400936e-05\n",
      "  -2.01601063e-05 -1.37844578e-05 -3.03579522e-06 -1.01378219e-05]\n",
      " [-1.53484803e-03  1.25195036e-03 -2.22258249e-03 -4.49832228e-03\n",
      "   1.32586409e-02  2.45187068e-04  6.04334004e-03  2.87683361e-03\n",
      "   1.31964688e-02  2.29035911e-03  1.54083831e-03  9.14849972e-04\n",
      "  -3.41184579e-04 -1.17769159e-03 -1.13946722e-03 -1.17661827e-03\n",
      "  -1.33613764e-03 -1.51094338e-03  2.67258880e-04  4.42339904e-04\n",
      "   5.30571037e-04  6.14780201e-04  3.30051309e-04  4.09834407e-04\n",
      "   5.13183718e-04  5.88508413e-04  6.68567062e-04  7.43268731e-04]\n",
      " [-2.19996711e-03  2.14105195e-03  2.33469567e-04 -1.72805017e-02\n",
      "   3.42226777e-02 -3.80946080e-04  2.87683361e-03  8.85645020e-03\n",
      "   8.87195109e-03 -1.65538357e-03 -1.32227122e-04 -3.87822030e-04\n",
      "  -2.17227329e-03 -8.34191865e-05  4.76853857e-04  8.53205575e-04\n",
      "   9.10232547e-04  8.86706844e-04  6.33408604e-04  7.49805755e-04\n",
      "   7.02531760e-04  6.67586617e-04  3.56339728e-04  6.25731456e-04\n",
      "   6.61680621e-04  6.18369053e-04  5.40858014e-04  4.76641465e-04]\n",
      " [-4.24651520e-03  3.96451330e-03 -4.69143152e-03  3.80739679e-03\n",
      "  -3.26336489e-02 -1.53114506e-05  1.31964688e-02  8.87195109e-03\n",
      "   9.27344502e-02  1.73138883e-02  7.49606290e-03  3.76291431e-03\n",
      "  -3.25192474e-02 -5.31739452e-03 -4.55431115e-03 -4.17444518e-03\n",
      "  -4.13212717e-03 -4.03408848e-03  1.16146622e-03  2.11153231e-03\n",
      "   2.67003726e-03  3.09164436e-03  1.52249006e-03  2.02556755e-03\n",
      "   2.60016729e-03  3.05325357e-03  3.42229401e-03  4.34330343e-03]\n",
      " [-4.86138424e-06 -2.79646951e-05 -1.56157068e-03  1.01581037e-02\n",
      "  -2.39235807e-02  2.13533133e-04  2.29035911e-03 -1.65538357e-03\n",
      "   1.73138883e-02  8.85491721e-03  3.06029758e-03  1.84782673e-03\n",
      "  -8.98425980e-03 -1.59387030e-03 -1.50804009e-03 -1.80138687e-03\n",
      "  -1.89959686e-03 -1.91533685e-03  3.53370805e-05  1.95018177e-04\n",
      "   3.68251364e-04  5.46034444e-04  2.49133907e-04  1.81759348e-04\n",
      "   5.20202982e-04  5.91979836e-04  7.50996302e-04  1.10129598e-03]\n",
      " [-2.18022625e-04  2.38708707e-04 -8.54313464e-04  3.32289906e-03\n",
      "  -7.10390967e-03  8.11444564e-05  1.54083831e-03 -1.32227121e-04\n",
      "   7.49606290e-03  3.06029758e-03  3.36698317e-03  1.65183816e-03\n",
      "  -4.51160978e-03 -9.54909627e-04 -9.78689071e-04 -8.12634357e-04\n",
      "  -1.03995964e-03 -1.08138279e-03  5.89648457e-05  1.34363908e-04\n",
      "   1.98240144e-04  2.67089265e-04  1.01425465e-04  1.23387635e-04\n",
      "   2.52601572e-04  5.34043338e-04  4.97269739e-04  6.86855148e-04]\n",
      " [-4.81417478e-05  7.36296111e-05 -5.69540294e-04  2.95279658e-03\n",
      "  -6.28471265e-03  7.98527152e-05  9.14849972e-04 -3.87822030e-04\n",
      "   3.76291431e-03  1.84782673e-03  1.65183816e-03  2.15559241e-03\n",
      "  -1.37228283e-03 -6.46434359e-04 -7.08336482e-04 -6.80495061e-04\n",
      "  -6.03248390e-04 -7.52178577e-04  1.59231364e-05  4.71985125e-05\n",
      "   8.05546748e-05  1.10300984e-04  1.39780334e-05  4.63460094e-05\n",
      "   1.23202714e-04  2.55747795e-04  4.45161145e-04  4.34000006e-04]\n",
      " [ 5.03664092e-04 -1.64133677e-03  2.76294321e-03 -2.54157526e-03\n",
      "  -2.46331577e-03  1.00350996e-03 -3.41184580e-04 -2.17227329e-03\n",
      "  -3.25192474e-02 -8.98425980e-03 -4.51160978e-03 -1.37228283e-03\n",
      "   4.50196407e-01  3.06666670e-03  3.23343051e-03  3.53743351e-03\n",
      "   4.02207528e-03  4.02832758e-03 -3.62666855e-04 -7.30575850e-04\n",
      "  -1.02080493e-03 -1.30116726e-03 -7.00750537e-04 -7.12677507e-04\n",
      "  -9.95176174e-04 -1.16743394e-03 -1.19570162e-03 -9.11809699e-03]\n",
      " [ 1.96735835e-04 -1.89254752e-04  6.11723090e-04 -1.56288848e-03\n",
      "   3.58298067e-03 -5.13236444e-05 -1.17769159e-03 -8.34191868e-05\n",
      "  -5.31739452e-03 -1.59387030e-03 -9.54909627e-04 -6.46434358e-04\n",
      "   3.06666670e-03  5.43286658e-04  5.55847002e-04  5.64642709e-04\n",
      "   6.05426869e-04  6.27331024e-04 -4.73389669e-05 -1.03085978e-04\n",
      "  -1.44605557e-04 -1.81998097e-04 -8.12906666e-05 -9.39352805e-05\n",
      "  -1.55692105e-04 -2.22155747e-04 -2.65843204e-04 -3.72400598e-04]\n",
      " [ 5.05698588e-05 -4.63230580e-05  7.32385821e-04 -2.80601225e-03\n",
      "   5.64155439e-03 -9.09688721e-05 -1.13946722e-03  4.76853857e-04\n",
      "  -4.55431115e-03 -1.50804009e-03 -9.78689071e-04 -7.08336482e-04\n",
      "   3.23343051e-03  5.55847002e-04  6.57532007e-04  6.86474995e-04\n",
      "   7.41685236e-04  7.71766000e-04 -8.48924946e-06 -5.09586033e-05\n",
      "  -9.55772599e-05 -1.28296062e-04 -5.20295486e-05 -5.31938773e-05\n",
      "  -9.28013325e-05 -1.75868817e-04 -2.27119279e-04 -3.45582601e-04]\n",
      " [-3.65280227e-05  4.82286326e-05  8.41977744e-04 -3.53141403e-03\n",
      "   6.45003755e-03 -1.20393854e-04 -1.17661827e-03  8.53205575e-04\n",
      "  -4.17444518e-03 -1.80138687e-03 -8.12634357e-04 -6.80495061e-04\n",
      "   3.53743351e-03  5.64642709e-04  6.86474995e-04  7.99271371e-04\n",
      "   8.44919000e-04  8.86397744e-04  1.80315899e-05 -1.92576493e-05\n",
      "  -6.85471995e-05 -1.11245504e-04 -4.61957913e-05 -2.41879587e-05\n",
      "  -7.42074164e-05 -1.20617881e-04 -1.97006508e-04 -3.26618056e-04]\n",
      " [-2.81628974e-05  4.26590184e-05  9.44989093e-04 -3.56479423e-03\n",
      "   5.86628702e-03 -1.32404141e-04 -1.33613764e-03  9.10232547e-04\n",
      "  -4.13212718e-03 -1.89959686e-03 -1.03995964e-03 -6.03248390e-04\n",
      "   4.02207528e-03  6.05426869e-04  7.41685236e-04  8.44919000e-04\n",
      "   9.57592730e-04  9.88604343e-04  2.21216150e-05 -1.62507540e-05\n",
      "  -6.81413216e-05 -1.16236406e-04 -5.14764421e-05 -2.14093906e-05\n",
      "  -7.55451629e-05 -1.45463774e-04 -1.81797153e-04 -3.47601386e-04]\n",
      " [ 1.38097733e-06  1.98258714e-05  1.03133895e-03 -3.34598605e-03\n",
      "   4.75837361e-03 -1.41642025e-04 -1.51094338e-03  8.86706844e-04\n",
      "  -4.03408848e-03 -1.91533685e-03 -1.08138279e-03 -7.52178577e-04\n",
      "   4.02832758e-03  6.27331024e-04  7.71766000e-04  8.86397744e-04\n",
      "   9.88604343e-04  1.09352628e-03  2.21309123e-05 -1.74955605e-05\n",
      "  -7.04886962e-05 -1.22333500e-04 -5.81292474e-05 -2.23917335e-05\n",
      "  -7.82151107e-05 -1.48761318e-04 -2.09598014e-04 -3.13519796e-04]\n",
      " [-1.62619073e-04  1.57892165e-04 -1.97287779e-05 -9.79441696e-04\n",
      "   1.70641083e-03 -2.30222356e-05  2.67258880e-04  6.33408604e-04\n",
      "   1.16146622e-03  3.53370804e-05  5.89648457e-05  1.59231363e-05\n",
      "  -3.62666854e-04 -4.73389669e-05 -8.48924944e-06  1.80315900e-05\n",
      "   2.21216150e-05  2.21309123e-05  5.50090907e-05  6.30015789e-05\n",
      "   6.33500621e-05  6.35154538e-05  3.19051069e-05  5.26515919e-05\n",
      "   5.99239459e-05  6.17089150e-05  5.99897999e-05  6.32839619e-05]\n",
      " [-2.27331450e-04  2.17991920e-04 -7.33601655e-05 -1.13205206e-03\n",
      "   1.87199654e-03 -2.56238189e-05  4.42339904e-04  7.49805755e-04\n",
      "   2.11153231e-03  1.95018177e-04  1.34363908e-04  4.71985124e-05\n",
      "  -7.30575850e-04 -1.03085978e-04 -5.09586033e-05 -1.92576493e-05\n",
      "  -1.62507539e-05 -1.74955605e-05  6.30015789e-05  9.16731558e-05\n",
      "   9.50034139e-05  1.00482221e-04  5.16804800e-05  7.69868208e-05\n",
      "   9.13786745e-05  9.69841726e-05  9.83809937e-05  1.10918628e-04]\n",
      " [-2.35845355e-04  2.23828839e-04 -1.24537156e-04 -9.11371285e-04\n",
      "   1.35242958e-03 -1.98607278e-05  5.30571037e-04  7.02531760e-04\n",
      "   2.67003726e-03  3.68251364e-04  1.98240144e-04  8.05546747e-05\n",
      "  -1.02080493e-03 -1.44605557e-04 -9.55772599e-05 -6.85471994e-05\n",
      "  -6.81413216e-05 -7.04886962e-05  6.33500621e-05  9.50034139e-05\n",
      "   1.11003306e-04  1.17919364e-04  6.09521543e-05  8.51290839e-05\n",
      "   1.03937560e-04  1.13065801e-04  1.18632738e-04  1.40632069e-04]\n",
      " [-2.45299180e-04  2.29633210e-04 -1.72066473e-04 -7.77900465e-04\n",
      "   1.18742108e-03 -1.46571224e-05  6.14780201e-04  6.67586617e-04\n",
      "   3.09164436e-03  5.46034444e-04  2.67089265e-04  1.10300984e-04\n",
      "  -1.30116726e-03 -1.81998097e-04 -1.28296062e-04 -1.11245504e-04\n",
      "  -1.16236406e-04 -1.22333500e-04  6.35154538e-05  1.00482221e-04\n",
      "   1.17919364e-04  1.39137927e-04  7.13868486e-05  8.95929718e-05\n",
      "   1.17047680e-04  1.26753884e-04  1.35857266e-04  1.67005646e-04]\n",
      " [-1.34367962e-04  1.22782755e-04 -8.93977044e-05 -5.59271388e-04\n",
      "   1.15324886e-03 -8.62650198e-06  3.30051309e-04  3.56339728e-04\n",
      "   1.52249006e-03  2.49133907e-04  1.01425465e-04  1.39780334e-05\n",
      "  -7.00750537e-04 -8.12906666e-05 -5.20295486e-05 -4.61957913e-05\n",
      "  -5.14764421e-05 -5.81292474e-05  3.19051069e-05  5.16804800e-05\n",
      "   6.09521543e-05  7.13868486e-05  4.35106697e-05  4.56843599e-05\n",
      "   5.86069998e-05  6.06911588e-05  6.42687119e-05  7.92921403e-05]\n",
      " [-2.04877888e-04  1.97275846e-04 -7.45384767e-05 -9.91254167e-04\n",
      "   1.60071911e-03 -2.22400936e-05  4.09834407e-04  6.25731456e-04\n",
      "   2.02556755e-03  1.81759348e-04  1.23387635e-04  4.63460094e-05\n",
      "  -7.12677507e-04 -9.39352805e-05 -5.31938773e-05 -2.41879587e-05\n",
      "  -2.14093905e-05 -2.23917335e-05  5.26515919e-05  7.69868208e-05\n",
      "   8.51290839e-05  8.95929718e-05  4.56843599e-05  7.24752773e-05\n",
      "   8.22202186e-05  8.80440792e-05  8.96042644e-05  1.02005021e-04]\n",
      " [-2.31079076e-04  2.22196755e-04 -1.18933919e-04 -8.70346116e-04\n",
      "   1.29856733e-03 -2.01601063e-05  5.13183718e-04  6.61680621e-04\n",
      "   2.60016729e-03  5.20202982e-04  2.52601572e-04  1.23202714e-04\n",
      "  -9.95176174e-04 -1.55692105e-04 -9.28013325e-05 -7.42074163e-05\n",
      "  -7.55451628e-05 -7.82151107e-05  5.99239459e-05  9.13786745e-05\n",
      "   1.03937560e-04  1.17047680e-04  5.86069998e-05  8.22202186e-05\n",
      "   1.12481888e-04  1.17900746e-04  1.24162356e-04  1.47981330e-04]\n",
      " [-2.34260051e-04  2.29382763e-04 -1.68296281e-04 -5.37839885e-04\n",
      "   4.82499382e-04 -1.37844578e-05  5.88508413e-04  6.18369053e-04\n",
      "   3.05325357e-03  5.91979836e-04  5.34043337e-04  2.55747795e-04\n",
      "  -1.16743394e-03 -2.22155747e-04 -1.75868817e-04 -1.20617881e-04\n",
      "  -1.45463774e-04 -1.48761318e-04  6.17089150e-05  9.69841726e-05\n",
      "   1.13065801e-04  1.26753884e-04  6.06911588e-05  8.80440792e-05\n",
      "   1.17900746e-04  1.61603876e-04  1.57751228e-04  1.92804223e-04]\n",
      " [-2.28502346e-04  2.20915762e-04 -2.23594808e-04 -2.10378608e-04\n",
      "  -2.04120590e-04 -3.03579523e-06  6.68567062e-04  5.40858014e-04\n",
      "   3.42229401e-03  7.50996302e-04  4.97269739e-04  4.45161145e-04\n",
      "  -1.19570162e-03 -2.65843204e-04 -2.27119279e-04 -1.97006508e-04\n",
      "  -1.81797153e-04 -2.09598014e-04  5.99897999e-05  9.83809937e-05\n",
      "   1.18632738e-04  1.35857266e-04  6.42687120e-05  8.96042644e-05\n",
      "   1.24162356e-04  1.57751228e-04  1.98708544e-04  2.18308032e-04]\n",
      " [-2.24300085e-04  2.36802778e-04 -3.30013084e-04  2.36790136e-04\n",
      "  -9.78581661e-04 -1.01378219e-05  7.43268731e-04  4.76641465e-04\n",
      "   4.34330343e-03  1.10129598e-03  6.86855148e-04  4.34000006e-04\n",
      "  -9.11809699e-03 -3.72400598e-04 -3.45582601e-04 -3.26618056e-04\n",
      "  -3.47601386e-04 -3.13519796e-04  6.32839619e-05  1.10918628e-04\n",
      "   1.40632069e-04  1.67005646e-04  7.92921404e-05  1.02005021e-04\n",
      "   1.47981330e-04  1.92804223e-04  2.18308032e-04  4.57668173e-04]]\n",
      "omega_c           0.266431\n",
      "sigma_8           0.831000\n",
      "n_s               0.964500\n",
      "w                -1.000000\n",
      "wa                0.000000\n",
      "omega_b           0.049168\n",
      "h0                0.672700\n",
      "ia_a_1            1.000000\n",
      "lens0_mag_bias    0.000000\n",
      "lens1_mag_bias    0.000000\n",
      "lens2_mag_bias    0.000000\n",
      "lens3_mag_bias    0.000000\n",
      "lens4_mag_bias    0.000000\n",
      "lens0_bias        1.238855\n",
      "lens1_bias        1.378100\n",
      "lens2_bias        1.524720\n",
      "lens3_bias        1.676658\n",
      "lens4_bias        1.832435\n",
      "src0_delta_z      0.000000\n",
      "src1_delta_z      0.000000\n",
      "src2_delta_z      0.000000\n",
      "src3_delta_z      0.000000\n",
      "src4_delta_z      0.000000\n",
      "lens0_delta_z     0.000000\n",
      "lens1_delta_z     0.000000\n",
      "lens2_delta_z     0.000000\n",
      "lens3_delta_z     0.000000\n",
      "lens4_delta_z     0.000000\n",
      "Name: mean, dtype: float64\n"
     ]
    }
   ],
   "source": [
    "print(lsst_3x2pt_fisher_df)\n",
    "print(lsst_3x2pt_fisher_df_inv)\n",
    "print(lsst_3x2pt_vary_param_fid_values)"
   ]
  },
  {
   "cell_type": "markdown",
   "metadata": {},
   "source": [
    "# 2. Ploting the fisher contours using getdist\n"
   ]
  },
  {
   "cell_type": "code",
   "execution_count": 5,
   "metadata": {},
   "outputs": [
    {
     "data": {
