model-set:
  &S0 NcmMSet:
    valid-map: true
    model-array:
    - &S1 FirecrownTwoPoint:
        sparam-array: {}
        submodel-array: []
        ia-bias: 0.5
        alphaz: 0.0
        z-piv: 0.62
        lens0-bias: 1.3999999999999999
        lens1-bias: 1.6000000000000001
        lens2-bias: 1.6000000000000001
        lens3-bias: 1.8999999999999999
        lens4-bias: 2.0
        src0-delta-z: -0.001
        src1-delta-z: -0.019
        src2-delta-z: 0.0089999999999999993
        src3-delta-z: -0.017999999999999999
        lens0-delta-z: 0.001
        lens1-delta-z: 0.002
        lens2-delta-z: 0.001
        lens3-delta-z: 0.0030000000000000001
        lens4-delta-z: 0.0
        src0-mult-bias: 0.012
        src1-mult-bias: 0.012
        src2-mult-bias: 0.012
        src3-mult-bias: 0.012
        ia-bias-fit: true
        alphaz-fit: true
        z-piv-fit: false
        lens0-bias-fit: true
        lens1-bias-fit: true
        lens2-bias-fit: true
        lens3-bias-fit: true
        lens4-bias-fit: true
        src0-delta-z-fit: true
        src1-delta-z-fit: true
        src2-delta-z-fit: true
        src3-delta-z-fit: true
        lens0-delta-z-fit: true
        lens1-delta-z-fit: true
        lens2-delta-z-fit: true
        lens3-delta-z-fit: true
        lens4-delta-z-fit: true
        src0-mult-bias-fit: true
        src1-mult-bias-fit: true
        src2-mult-bias-fit: true
        src3-mult-bias-fit: true
    - &S2 NcHICosmoDECpl:
        sparam-array: {}
        reparam:
          &S3 NcHICosmoDEReparamOk:
            length: 13
            params-desc:
              2:
                &S4 NcmSParam:
                  name: 'Omegak'
                  symbol: '\\Omega_{k0}'
                  lower-bound: -0.29999999999999999
                  upper-bound: 0.29999999999999999
                  scale: 0.01
                  absolute-tolerance: 0.0
                  default-value: 0.0
                  fit-type: 1
            compat-type: 'NcHICosmoDE'
        submodel-array:
        - &S5 NcHIPrimPowerLaw:
            sparam-array: {}
            submodel-array: []
            k-pivot: 0.050000000000000003
            ln10e10ASA: 3.055555437398926
            T-SA-ratio: 0.20000000000000001
            n-SA: 0.97419999999999995
            n-T: 0.0
            ln10e10ASA-fit: false
            T-SA-ratio-fit: false
            n-SA-fit: false
            n-T-fit: false
        - &S6 NcHIReionCamb:
            sparam-array: {}
            submodel-array: []
            prec: 9.9999999999999995e-08
            HII-HeII-reion-delta: 0.5
            HeIII-reion-delta: 0.5
            HII-HeII-reion-exponent: 1.5
            HeII-reionized: true
            z-re: 11.532232649549542
            z-He-re: 3.5
            z-re-fit: false
            z-He-re-fit: false
        H0: 68.200000000000003
        Omegac: 0.26000000000000001
        Omegax: 0.69989784176484304
        Tgamma0: 2.7254999999999998
        Yp: 0.25624023976958082
        ENnu: 3.044
        Omegab: 0.040000000000000001
        massnu:
          &S7 NcmVector:
            values: [
              0.0
              ]
        Tnu:
          &S8 NcmVector:
            values: [
              0.71611000000000002
              ]
        munu:
          &S9 NcmVector:
            values: [
              0.0
              ]
        gnu:
          &S10 NcmVector:
            values: [
              1.0
              ]
        massnu-length: 1
        Tnu-length: 1
        munu-length: 1
        gnu-length: 1
        H0-fit: false
        Omegac-fit: true
        Omegax-fit: false
        Tgamma0-fit: false
        Yp-fit: false
        ENnu-fit: false
        Omegab-fit: true
        massnu-fit: [
          false
          ]
        Tnu-fit: [
          false
          ]
        munu-fit: [
          false
          ]
        gnu-fit: [
          false
          ]
        w0: -1.0
        w1: 0.0
        w0-fit: false
        w1-fit: false
    fmap: [
      'FirecrownTwoPoint:ia_bias',
      'FirecrownTwoPoint:alphaz',
      'FirecrownTwoPoint:lens0_bias',
      'FirecrownTwoPoint:lens1_bias',
      'FirecrownTwoPoint:lens2_bias',
      'FirecrownTwoPoint:lens3_bias',
      'FirecrownTwoPoint:lens4_bias',
      'FirecrownTwoPoint:src0_delta_z',
      'FirecrownTwoPoint:src1_delta_z',
      'FirecrownTwoPoint:src2_delta_z',
      'FirecrownTwoPoint:src3_delta_z',
      'FirecrownTwoPoint:lens0_delta_z',
      'FirecrownTwoPoint:lens1_delta_z',
      'FirecrownTwoPoint:lens2_delta_z',
      'FirecrownTwoPoint:lens3_delta_z',
      'FirecrownTwoPoint:lens4_delta_z',
      'FirecrownTwoPoint:src0_mult_bias',
      'FirecrownTwoPoint:src1_mult_bias',
      'FirecrownTwoPoint:src2_mult_bias',
      'FirecrownTwoPoint:src3_mult_bias',
      'NcHICosmo:Omegac',
      'NcHICosmo:Omegab'
      ]
covariance:
  &S11 NcmMatrix:
    values: [
      [
        0.1116987183645472,
        0.18661283077983001,
        0.0037223202083133174,
        0.0033750069416545697,
        0.0013224046961325408,
        -0.0030612977536560492,
        -0.014130691446881005,
        0.014476152745387785,
        0.011527890770355516,
        0.0047172410311089189,
        -0.0037312955431312452,
        0.0013299069353839067,
        0.0021349298665266645,
        0.0014329565201218555,
        -0.0023059344324914991,
        -0.0086721089391890126,
        -0.039784618414049164,
        -0.020042866179230522,
        -0.0037993936477993071,
        0.0048224615802449416,
        1.1228787310379787e-07,
        -2.876939943050288e-08
      ],
      [
        0.18661283077983001,
        87.241295786510307,
        0.10816652527673369,
        -0.0059204632178716868,
        0.062290219964312679,
        -0.013486354768261724,
        -0.44795419327856301,
        -0.79922373207883202,
        -0.21331457618119573,
        0.16671189245928383,
        0.076088890413118657,
        0.040910382818682783,
        -0.005394117852337307,
        0.049539069399420751,
        -0.0081669935778297953,
        -0.27339422635958605,
        0.78605440497579648,
        -0.44098417173208115,
        -0.33630308156460981,
        -0.12835504010383805,
        2.0220805738012904e-06,
        -1.1137369735349494e-06
      ],
      [
        0.0037223202083133174,
        0.10816652527673369,
        0.011987667645503339,
        0.001351260984992836,
        0.0013874793096932663,
        0.0016838322236426512,
        0.0017503933967856268,
        0.001597579762556648,
        0.0014548652203159923,
        0.0022973665454022025,
        0.0027227211195015632,
        0.0021926525563478192,
        0.00082245439688790646,
        0.001169606924624813,
        0.0013165008858664171,
        0.001099529327790985,
        -0.007345658611202832,
        -0.0035402425601244385,
        -0.0029707636030822317,
        -0.0025540904965149006,
        7.3378752622166743e-09,
        4.6149870618810419e-09
      ],
      [
        0.0033750069416545697,
        -0.0059204632178716868,
        0.001351260984992836,
        0.0051141893047549451,
        0.00081313591042509121,
        0.00097247858069211758,
        0.0011689917540934542,
        0.0017751283397862304,
        0.0017016091022529808,
        0.001268084530351416,
        0.0014343784503651632,
        0.00039746395735697806,
        0.001188390318403968,
        0.00063834483648944618,
        0.00074872415441160219,
        0.00072722538603446998,
        -0.0062901995880316874,
        -0.0037056842764045493,
        -0.0015177329718740642,
        -0.001321758639553741,
        3.45382024613752e-08,
        5.1561457239478979e-09
      ],
      [
        0.0013224046961325408,
        0.062290219964312679,
        0.0013874793096932663,
        0.00081313591042509121,
        0.0036481792655356396,
        0.0014098431391016456,
        0.001666208837322449,
        0.00019864464233578693,
        0.00099327883926125446,
        0.0018749353694898793,
        0.0022400232463465103,
        0.00041638254785666831,
        0.0004362143655225573,
        0.0013254876188750699,
        0.0010799894357458085,
        0.0010394317183328493,
        -0.0018545973640031268,
        -0.0030995452675821157,
        -0.0026081043793328082,
        -0.0021946301320977203,
        3.9768058591291255e-08,
        4.4226329538411139e-09
      ],
      [
        -0.0030612977536560492,
        -0.013486354768261724,
        0.0016838322236426512,
        0.00097247858069211758,
        0.0014098431391016456,
        0.0058559129415912594,
        0.0040313791872923464,
        0.00050598760202098737,
        0.00091795370868108571,
        0.0024790723487432666,
        0.0038524819050584696,
        0.00053729537297912352,
        0.00049938264495139105,
        0.001103659663115615,
        0.0023668866186620559,
        0.0024864609496460899,
        -0.0018051946276842626,
        -0.0023664629347098522,
        -0.0035832199524293432,
        -0.003761381839423413,
        3.140720242910653e-08,
        8.1308603997213199e-09
      ],
      [
        -0.014130691446881005,
        -0.44795419327856301,
        0.0017503933967856268,
        0.0011689917540934542,
        0.001666208837322449,
        0.0040313791872923464,
        0.024911002202240701,
        0.0033879595118321412,
        0.001394563656079707,
        0.002304576504773542,
        0.0076842781303229314,
        0.00054747873989400241,
        0.00060656045744801959,
        0.0012365955668799632,
        0.003115187130915238,
        0.011395538588256583,
        -0.00326548640554709,
        0.00033394552867602504,
        -0.0031325391694386048,
        -0.0073582164138061871,
        1.8593170416842523e-08,
        5.0006464078506594e-08
      ],
      [
        0.014476152745387785,
        -0.79922373207883202,
        0.001597579762556648,
        0.0017751283397862304,
        0.00019864464233578693,
        0.00050598760202098737,
        0.0033879595118321412,
        0.012660225768387174,
        0.0045906929261657599,
        -1.454859278748053e-05,
        -3.4811586946982e-05,
        0.00049754915219782554,
        0.0010295965365690472,
        0.00021138842741366698,
        0.00037069681489560456,
        0.0020719168431010222,
        -0.026072357968460642,
        -0.00073324883285610389,
        0.0014586496440550086,
        0.0006677130404282377,
        2.5087189534175328e-08,
        9.9412055226331394e-09
      ],
      [
        0.011527890770355516,
        -0.21331457618119573,
        0.0014548652203159923,
        0.0017016091022529808,
        0.00099327883926125446,
        0.00091795370868108571,
        0.001394563656079707,
        0.0045906929261657599,
        0.0041314748096577605,
        0.0014062186708332226,
        0.0011929615999460123,
        0.00044471981132993108,
        0.00096394772435064321,
        0.00078394792104260623,
        0.00070282467966322577,
        0.00086307465614729212,
        -0.0097223365943912374,
        -0.0072182288952942191,
        -0.001326733948158959,
        -0.00090872937204182556,
        5.3747490083314123e-08,
        5.0214774055736959e-09
      ],
      [
        0.0047172410311089189,
        0.16671189245928383,
        0.0022973665454022025,
        0.001268084530351416,
        0.0018749353694898793,
        0.0024790723487432666,
        0.002304576504773542,
        -1.454859278748053e-05,
        0.0014062186708332226,
        0.0037125229875129215,
        0.0038406081039399926,
        0.00076879632343164895,
        0.00069646325953468696,
        0.0014978214163752423,
        0.0019060509295306305,
        0.0014467243286434605,
        -0.0030998582006857506,
        -0.0049008644492032471,
        -0.0053810664112762538,
        -0.0037751463612564363,
        3.3458020791273682e-08,
        3.8380022209032429e-09
      ],
      [
        -0.0037312955431312452,
        0.076088890413118657,
        0.0027227211195015632,
        0.0014343784503651632,
        0.0022400232463465103,
        0.0038524819050584696,
        0.0076842781303229314,
        -3.4811586946982e-05,
        0.0011929615999460123,
        0.0038406081039399926,
        0.0086005126836579612,
        0.00093457926110912016,
        0.00080381978634564474,
        0.0017515977211781828,
        0.0029688279930354874,
        0.0047789915214688748,
        -0.0021181180502106655,
        -0.0041547614607848104,
        -0.0056572925699801954,
        -0.0086395923468164919,
        5.536258060589826e-08,
        1.7138260553891078e-08
      ],
      [
        0.0013299069353839067,
        0.040910382818682783,
        0.0021926525563478192,
        0.00039746395735697806,
        0.00041638254785666831,
        0.00053729537297912352,
        0.00054747873989400241,
        0.00049754915219782554,
        0.00044471981132993108,
        0.00076879632343164895,
        0.00093457926110912016,
        0.00083246533922561364,
        0.00022939678867270606,
        0.00035198927020879054,
        0.00042002838066441467,
        0.0003442738592893746,
        -0.0025901970654282243,
        -0.0012857919794363926,
        -0.0011118937693181134,
        -0.00096635796814892251,
        7.4395137100670929e-09,
        1.8759936894077279e-09
      ],
      [
        0.0021349298665266645,
        -0.005394117852337307,
        0.00082245439688790646,
        0.001188390318403968,
        0.0004362143655225573,
        0.00049938264495139105,
        0.00060656045744801959,
        0.0010295965365690472,
        0.00096394772435064321,
        0.00069646325953468696,
        0.00080381978634564474,
        0.00022939678867270606,
        0.00071555277469136059,
        0.00034617394492779386,
        0.00038324587332248832,
        0.00037753804621127359,
        -0.0035385807217342409,
        -0.0021339685036808284,
        -0.00092243886563852736,
        -0.00084857418019796966,
        2.9131548945221063e-08,
        2.8815115473194799e-09
      ],
      [
        0.0014329565201218555,
        0.049539069399420751,
        0.001169606924624813,
        0.00063834483648944618,
        0.0013254876188750699,
        0.001103659663115615,
        0.0012365955668799632,
        0.00021138842741366698,
        0.00078394792104260623,
        0.0014978214163752423,
        0.0017515977211781828,
        0.00035198927020879054,
        0.00034617394492779386,
        0.001060172339873242,
        0.00085239401948314494,
        0.00077212059876290314,
        -0.0015867027437112245,
        -0.0023993811581288259,
        -0.0021167073634870423,
        -0.0017793070396264735,
        3.6440621221158274e-08,
        2.8896929568053591e-09
      ],
      [
        -0.0023059344324914991,
        -0.0081669935778297953,
        0.0013165008858664171,
        0.00074872415441160219,
        0.0010799894357458085,
        0.0023668866186620559,
        0.003115187130915238,
        0.00037069681489560456,
        0.00070282467966322577,
        0.0019060509295306305,
        0.0029688279930354874,
        0.00042002838066441467,
        0.00038324587332248832,
        0.00085239401948314494,
        0.0018244772210939922,
        0.0019374714587383694,
        -0.0013587534614276462,
        -0.0018324616052674022,
        -0.0027670920387670439,
        -0.0029252318472532414,
        2.608045632194546e-08,
        6.2660495237802181e-09
      ],
      [
        -0.0086721089391890126,
        -0.27339422635958605,
        0.001099529327790985,
        0.00072722538603446998,
        0.0010394317183328493,
        0.0024864609496460899,
        0.011395538588256583,
        0.0020719168431010222,
        0.00086307465614729212,
        0.0014467243286434605,
        0.0047789915214688748,
        0.0003442738592893746,
        0.00037753804621127359,
        0.00077212059876290314,
        0.0019374714587383694,
        0.0069769500698259601,
        -0.0020100885477873144,
        0.00016887328764544365,
        -0.0019715712932857903,
        -0.0045826122770746547,
        1.3007958143415955e-08,
        2.5268188129428767e-08
      ],
      [
        -0.039784618414049164,
        0.78605440497579648,
        -0.007345658611202832,
        -0.0062901995880316874,
        -0.0018545973640031268,
        -0.0018051946276842626,
        -0.00326548640554709,
        -0.026072357968460642,
        -0.0097223365943912374,
        -0.0030998582006857506,
        -0.0021181180502106655,
        -0.0025901970654282243,
        -0.0035385807217342409,
        -0.0015867027437112245,
        -0.0013587534614276462,
        -0.0020100885477873144,
        0.08701555591551334,
        0.011159581303612744,
        0.0023659462073125671,
        0.0015426350857680275,
        -1.3517103071499061e-07,
        -1.2734916323338899e-08
      ],
      [
        -0.020042866179230522,
        -0.44098417173208115,
        -0.0035402425601244385,
        -0.0037056842764045493,
        -0.0030995452675821157,
        -0.0023664629347098522,
        0.00033394552867602504,
        -0.00073324883285610389,
        -0.0072182288952942191,
        -0.0049008644492032471,
        -0.0041547614607848104,
        -0.0012857919794363926,
        -0.0021339685036808284,
        -0.0023993811581288259,
        -0.0018324616052674022,
        0.00016887328764544365,
        0.011159581303612744,
        0.026472294302747369,
        0.0069254816663211838,
        0.004325882752700975,
        -1.7966925837573379e-07,
        3.8370961426236954e-09
      ],
      [
        -0.0037993936477993071,
        -0.33630308156460981,
        -0.0029707636030822317,
        -0.0015177329718740642,
        -0.0026081043793328082,
        -0.0035832199524293432,
        -0.0031325391694386048,
        0.0014586496440550086,
        -0.001326733948158959,
        -0.0053810664112762538,
        -0.0056572925699801954,
        -0.0011118937693181134,
        -0.00092243886563852736,
        -0.0021167073634870423,
        -0.0027670920387670439,
        -0.0019715712932857903,
        0.0023659462073125671,
        0.0069254816663211838,
        0.0090799316581035121,
        0.0057955393176581244,
        -5.9194507932902911e-09,
        -4.0533251032734144e-09
      ],
      [
        0.0048224615802449416,
        -0.12835504010383805,
        -0.0025540904965149006,
        -0.001321758639553741,
        -0.0021946301320977203,
        -0.003761381839423413,
        -0.0073582164138061871,
        0.0006677130404282377,
        -0.00090872937204182556,
        -0.0037751463612564363,
        -0.0086395923468164919,
        -0.00096635796814892251,
        -0.00084857418019796966,
        -0.0017793070396264735,
        -0.0029252318472532414,
        -0.0045826122770746547,
        0.0015426350857680275,
        0.004325882752700975,
        0.0057955393176581244,
        0.010214313887701972,
        -6.64230572677652e-08,
        -1.7031253785134708e-08
      ],
      [
        1.1228787310379787e-07,
        2.0220805738012904e-06,
        7.3378752622166743e-09,
        3.45382024613752e-08,
        3.9768058591291255e-08,
        3.140720242910653e-08,
        1.8593170416842523e-08,
        2.5087189534175328e-08,
        5.3747490083314123e-08,
        3.3458020791273682e-08,
        5.536258060589826e-08,
        7.4395137100670929e-09,
        2.9131548945221063e-08,
        3.6440621221158274e-08,
        2.608045632194546e-08,
        1.3007958143415955e-08,
        -1.3517103071499061e-07,
        -1.7966925837573379e-07,
        -5.9194507932902911e-09,
        -6.64230572677652e-08,
        4.9432498950935265e-10,
        1.9947071723771832e-13
      ],
      [
        -2.876939943050288e-08,
        -1.1137369735349494e-06,
        4.6149870618810419e-09,
        5.1561457239478979e-09,
        4.4226329538411139e-09,
        8.1308603997213199e-09,
        5.0006464078506594e-08,
        9.9412055226331394e-09,
        5.0214774055736959e-09,
        3.8380022209032429e-09,
        1.7138260553891078e-08,
        1.8759936894077279e-09,
        2.8815115473194799e-09,
        2.8896929568053591e-09,
        6.2660495237802181e-09,
        2.5268188129428767e-08,
        -1.2734916323338899e-08,
        3.8370961426236954e-09,
        -4.0533251032734144e-09,
        -1.7031253785134708e-08,
        1.9947071723771832e-13,
        1.8010561838288235e-11
      ]
      ]
