model-set:
  &S0 NcmMSet:
    valid-map: true
    model-array:
    - &S1 FirecrownTwoPoint:
        sparam-array: {}
        submodel-array: []
        ia-bias: 0.5
        alphaz: 0.0
        z-piv: 0.62
        lens0-bias: 1.3999999999999999
        lens1-bias: 1.6000000000000001
        lens2-bias: 1.6000000000000001
        lens3-bias: 1.8999999999999999
        lens4-bias: 2.0
        src0-delta-z: -0.001
        src1-delta-z: -0.019
        src2-delta-z: 0.0089999999999999993
        src3-delta-z: -0.017999999999999999
        lens0-delta-z: 0.001
        lens1-delta-z: 0.002
        lens2-delta-z: 0.001
        lens3-delta-z: 0.0030000000000000001
        lens4-delta-z: 0.0
        src0-mult-bias: 0.012
        src1-mult-bias: 0.012
        src2-mult-bias: 0.012
        src3-mult-bias: 0.012
        ia-bias-fit: true
        alphaz-fit: true
        z-piv-fit: false
        lens0-bias-fit: true
        lens1-bias-fit: true
        lens2-bias-fit: true
        lens3-bias-fit: true
        lens4-bias-fit: true
        src0-delta-z-fit: true
        src1-delta-z-fit: true
        src2-delta-z-fit: true
        src3-delta-z-fit: true
        lens0-delta-z-fit: true
        lens1-delta-z-fit: true
        lens2-delta-z-fit: true
        lens3-delta-z-fit: true
        lens4-delta-z-fit: true
        src0-mult-bias-fit: true
        src1-mult-bias-fit: true
        src2-mult-bias-fit: true
        src3-mult-bias-fit: true
    - &S2 NcHICosmoDECpl:
        sparam-array: {}
        reparam:
          &S3 NcHICosmoDEReparamOk:
            length: 13
            params-desc:
              2:
                &S4 NcmSParam:
                  name: 'Omegak'
                  symbol: '\\Omega_{k0}'
                  lower-bound: -0.29999999999999999
                  upper-bound: 0.29999999999999999
                  scale: 0.01
                  absolute-tolerance: 0.0
                  default-value: 0.0
                  fit-type: 1
            compat-type: 'NcHICosmoDE'
        submodel-array:
        - &S5 NcHIPrimPowerLaw:
            sparam-array: {}
            submodel-array: []
            k-pivot: 0.050000000000000003
            ln10e10ASA: 3.055555437398926
            T-SA-ratio: 0.20000000000000001
            n-SA: 0.97419999999999995
            n-T: 0.0
            ln10e10ASA-fit: false
            T-SA-ratio-fit: false
            n-SA-fit: false
            n-T-fit: false
        - &S6 NcHIReionCamb:
            sparam-array: {}
            submodel-array: []
            prec: 9.9999999999999995e-08
            HII-HeII-reion-delta: 0.5
            HeIII-reion-delta: 0.5
            HII-HeII-reion-exponent: 1.5
            HeII-reionized: true
            z-re: 11.532232649549542
            z-He-re: 3.5
            z-re-fit: false
            z-He-re-fit: false
        H0: 68.200000000000003
        Omegac: 0.26000000000000001
        Omegax: 0.69989784176484304
        Tgamma0: 2.7254999999999998
        Yp: 0.25624023976948385
        ENnu: 3.044
        Omegab: 0.040000000000000001
        massnu:
          &S7 NcmVector:
            values: [
              0.0
              ]
        Tnu:
          &S8 NcmVector:
            values: [
              0.71611000000000002
              ]
        munu:
          &S9 NcmVector:
            values: [
              0.0
              ]
        gnu:
          &S10 NcmVector:
            values: [
              1.0
              ]
        massnu-length: 1
        Tnu-length: 1
        munu-length: 1
        gnu-length: 1
        H0-fit: false
        Omegac-fit: true
        Omegax-fit: false
        Tgamma0-fit: false
        Yp-fit: false
        ENnu-fit: false
        Omegab-fit: true
        massnu-fit: [
          false
          ]
        Tnu-fit: [
          false
          ]
        munu-fit: [
          false
          ]
        gnu-fit: [
          false
          ]
        w0: -1.0
        w1: 0.0
        w0-fit: false
        w1-fit: false
    fmap: [
      'FirecrownTwoPoint:ia_bias',
      'FirecrownTwoPoint:alphaz',
      'FirecrownTwoPoint:lens0_bias',
      'FirecrownTwoPoint:lens1_bias',
      'FirecrownTwoPoint:lens2_bias',
      'FirecrownTwoPoint:lens3_bias',
      'FirecrownTwoPoint:lens4_bias',
      'FirecrownTwoPoint:src0_delta_z',
      'FirecrownTwoPoint:src1_delta_z',
      'FirecrownTwoPoint:src2_delta_z',
      'FirecrownTwoPoint:src3_delta_z',
      'FirecrownTwoPoint:lens0_delta_z',
      'FirecrownTwoPoint:lens1_delta_z',
      'FirecrownTwoPoint:lens2_delta_z',
      'FirecrownTwoPoint:lens3_delta_z',
      'FirecrownTwoPoint:lens4_delta_z',
      'FirecrownTwoPoint:src0_mult_bias',
      'FirecrownTwoPoint:src1_mult_bias',
      'FirecrownTwoPoint:src2_mult_bias',
      'FirecrownTwoPoint:src3_mult_bias',
      'NcHICosmo:Omegac',
      'NcHICosmo:Omegab'
      ]
covariance:
  &S11 NcmMatrix:
    values: [
      [
        0.083747144762545966,
        0.1756647623659508,
        0.0027627123165131547,
        0.002507117967655161,
        0.00084765063792163959,
        -0.002679690736353818,
        -0.01160965593938381,
        0.010528096492958699,
        0.008388624509905504,
        0.0032407884120218525,
        -0.003321068821466904,
        0.00097803996482954481,
        0.0015403501823394194,
        0.00091437072649058976,
        -0.0020209251914262787,
        -0.0071044141283498306,
        -0.029836803254119634,
        -0.014691742492546039,
        -0.0024184285851871624,
        0.004104970179633469,
        9.2214731017337134e-10,
        -2.0587642322843962e-09
      ],
      [
        0.1756647623659508,
        65.628077360214235,
        0.079525613144588864,
        -0.0029159724473215125,
        0.04474991917372325,
        -0.018154520762014112,
        -0.36180420216569359,
        -0.59238665221661235,
        -0.15893157241945838,
        0.11871154159158059,
        0.046248599893918226,
        0.029595784602351467,
        -0.003197192118306106,
        0.034517965002935608,
        -0.012459071899469376,
        -0.22019110788283175,
        0.55077231875464172,
        -0.33178843108889472,
        -0.24136296137717975,
        -0.088203546531824772,
        1.0159753363774759e-08,
        -5.0532304428178209e-08
      ],
      [
        0.0027627123165131547,
        0.079525613144588864,
        0.0090234822068791971,
        0.0010522288746560758,
        0.0011141892409217901,
        0.0013458189836110463,
        0.0014640432131694337,
        0.0011996674978358671,
        0.0011157645455060275,
        0.0017884711817445502,
        0.0021651204176614128,
        0.001630299648441959,
        0.00061620753377365496,
        0.0009042748741282091,
        0.0010448236119870123,
        0.00091607290119772027,
        -0.0054126642635831338,
        -0.0027148609518047513,
        -0.0023099818738606436,
        -0.0020250422438835062,
        6.6046515755140946e-10,
        2.7896077079680499e-10
      ],
      [
        0.002507117967655161,
        -0.0029159724473215125,
        0.0010522288746560758,
        0.003884917209370886,
        0.00067134985094885881,
        0.00076510779036490092,
        0.00093040741516157511,
        0.0013748515818178917,
        0.0012945515515008243,
        0.00098075805502721475,
        0.001119409038196966,
        0.00030075323968830231,
        0.00089342781098149823,
        0.00049504904751393789,
        0.00058486374488236274,
        0.00057752009045168378,
        -0.0050610624027806386,
        -0.002836480748259537,
        -0.0011640096550969042,
        -0.0010159540784832671,
        6.9787689318777445e-10,
        -7.9369510703568701e-10
      ],
      [
        0.00084765063792163959,
        0.04474991917372325,
        0.0011141892409217901,
        0.00067134985094885881,
        0.0028956758936050609,
        0.0011633437583591561,
        0.0014483056562325041,
        0.00016594405114320947,
        0.0007749725602087473,
        0.0014902242789263231,
        0.0018284363225622752,
        0.00032137546987342683,
        0.00034233424791566073,
        0.0010438784245157518,
        0.00088653511924545719,
        0.00090009656156702354,
        -0.0013811620262636503,
        -0.0023554336172295453,
        -0.0020494674664832701,
        -0.0017686343998876621,
        1.9790948965274287e-09,
        5.9158580344503083e-11
      ],
      [
        -0.002679690736353818,
        -0.018154520762014112,
        0.0013458189836110463,
        0.00076510779036490092,
        0.0011633437583591561,
        0.0045965918268708762,
        0.0034038565316631495,
        0.00038727156794989904,
        0.00071293683173074391,
        0.0019709998936471491,
        0.0031194146514780365,
        0.00040829606774215552,
        0.0003797885545920003,
        0.00088605212003025225,
        0.0019023172305389982,
        0.0020937024135690477,
        -0.0010728998974936074,
        -0.0017311376208820628,
        -0.0028010589374396107,
        -0.0029997945647195529,
        5.7792768544921927e-10,
        4.9425232616165506e-10
      ],
      [
        -0.01160965593938381,
        -0.36180420216569359,
        0.0014640432131694337,
        0.00093040741516157511,
        0.0014483056562325041,
        0.0034038565316631495,
        0.019994226796593594,
        0.0026035892175478273,
        0.001116049366194934,
        0.0019699742063803496,
        0.0062893183475863715,
        0.00042672885597093809,
        0.00046407743722244913,
        0.0010549929147456818,
        0.0026224273643860258,
        0.0092110799235008319,
        -0.0018047362549434593,
        0.00033673662989972539,
        -0.002629635065341948,
        -0.0059173366198116079,
        7.9810038093981418e-10,
        1.2897727112111571e-09
      ],
      [
        0.010528096492958699,
        -0.59238665221661235,
        0.0011996674978358671,
        0.0013748515818178917,
        0.00016594405114320947,
        0.00038727156794989904,
        0.0026035892175478273,
        0.0093961592713119324,
        0.0034099208491657138,
        -1.182589080011724e-05,
        -3.5117649197768442e-05,
        0.00036074429467876953,
        0.00076092469701294851,
        0.00015207992756893196,
        0.00028205968579254908,
        0.0015868817873479634,
        -0.019559621727751428,
        -0.00058720736011802597,
        0.001101920561353077,
        0.00055336498689627259,
        3.3979453967602223e-10,
        -1.4483361938668737e-09
      ],
      [
        0.008388624509905504,
        -0.15893157241945838,
        0.0011157645455060275,
        0.0012945515515008243,
        0.0007749725602087473,
        0.00071293683173074391,
        0.001116049366194934,
        0.0034099208491657138,
        0.0030359544116716195,
        0.001058267856130831,
        0.00092124799377208137,
        0.00032851705656504953,
        0.00070721130975740648,
        0.00058546179663598972,
        0.0005421397783004527,
        0.00068878950396421973,
        -0.0072825947250398527,
        -0.0052078043411185109,
        -0.00098391087000578741,
        -0.00067840427495632102,
        5.200132656870187e-10,
        -4.432857724653018e-10
      ],
      [
        0.0032407884120218525,
        0.11871154159158059,
        0.0017884711817445502,
        0.00098075805502721475,
        0.0014902242789263231,
        0.0019709998936471491,
        0.0019699742063803496,
        -1.182589080011724e-05,
        0.001058267856130831,
        0.00283320104613941,
        0.0030258213402062201,
        0.0005714527142409682,
        0.00051998905529699214,
        0.0011551819498405969,
        0.0015065705310834928,
        0.0012309667306570403,
        -0.0020632114042825182,
        -0.0035758440205789742,
        -0.0040393026236844676,
        -0.0029315303271944477,
        7.5079369036068119e-10,
        3.5616351114913555e-10
      ],
      [
        -0.003321068821466904,
        0.046248599893918226,
        0.0021651204176614128,
        0.001119409038196966,
        0.0018284363225622752,
        0.0031194146514780365,
        0.0062893183475863715,
        -3.5117649197768442e-05,
        0.00092124799377208137,
        0.0030258213402062201,
        0.0067342297048509497,
        0.00070266908304336022,
        0.00060102345336469866,
        0.0013919666320199289,
        0.0023965033561088966,
        0.0038988973957389057,
        -0.001068171651029379,
        -0.0030193034636501618,
        -0.0043744542710669977,
        -0.0066449647021662311,
        9.033268103911587e-10,
        8.8348649081414651e-10
      ],
      [
        0.00097803996482954481,
        0.029595784602351467,
        0.001630299648441959,
        0.00030075323968830231,
        0.00032137546987342683,
        0.00040829606774215552,
        0.00042672885597093809,
        0.00036074429467876953,
        0.00032851705656504953,
        0.0005714527142409682,
        0.00070266908304336022,
        0.00059811391058408258,
        0.00016650248555276649,
        0.00026158137858316535,
        0.00031693339041024443,
        0.00026752059739918723,
        -0.0018353659019263099,
        -0.00093691513825733979,
        -0.00081593785945391979,
        -0.00071725125887035931,
        1.8336155563779353e-10,
        1.3063320243815089e-10
      ],
      [
        0.0015403501823394194,
        -0.003197192118306106,
        0.00061620753377365496,
        0.00089342781098149823,
        0.00034233424791566073,
        0.0003797885545920003,
        0.00046407743722244913,
        0.00076092469701294851,
        0.00070721130975740648,
        0.00051998905529699214,
        0.00060102345336469866,
        0.00016650248555276649,
        0.00051535316492451358,
        0.00025824488267720252,
        0.0002892477953534165,
        0.0002882448635401483,
        -0.0026899871540612083,
        -0.0015668529297901874,
        -0.00067651287774993056,
        -0.00061679733852551804,
        2.5586836985567274e-10,
        -3.389057287174889e-10
      ],
      [
        0.00091437072649058976,
        0.034517965002935608,
        0.0009042748741282091,
        0.00049504904751393789,
        0.0010438784245157518,
        0.00088605212003025225,
        0.0010549929147456818,
        0.00015207992756893196,
        0.00058546179663598972,
        0.0011551819498405969,
        0.0013919666320199289,
        0.00026158137858316535,
        0.00025824488267720252,
        0.00080196349730851744,
        0.00068023802143136873,
        0.00065617010877618443,
        -0.0010695105018128338,
        -0.0017486989674708614,
        -0.0016123456771171725,
        -0.0013881053493358063,
        6.454281561999307e-10,
        1.4080336085209257e-10
      ],
      [
        -0.0020209251914262787,
        -0.012459071899469376,
        0.0010448236119870123,
        0.00058486374488236274,
        0.00088653511924545719,
        0.0019023172305389982,
        0.0026224273643860258,
        0.00028205968579254908,
        0.0005421397783004527,
        0.0015065705310834928,
        0.0023965033561088966,
        0.00031693339041024443,
        0.0002892477953534165,
        0.00068023802143136873,
        0.0014555126921960719,
        0.0016249871193634567,
        -0.00078961161440958209,
        -0.0013290601373446502,
        -0.0021496866169433324,
        -0.0023225920645486321,
        4.4548239582741291e-10,
        3.9260951662628192e-10
      ],
      [
        -0.0071044141283498306,
        -0.22019110788283175,
        0.00091607290119772027,
        0.00057752009045168378,
        0.00090009656156702354,
        0.0020937024135690477,
        0.0092110799235008319,
        0.0015868817873479634,
        0.00068878950396421973,
        0.0012309667306570403,
        0.0038988973957389057,
        0.00026752059739918723,
        0.0002882448635401483,
        0.00065617010877618443,
        0.0016249871193634567,
        0.0056149768352073935,
        -0.0011052260590670513,
        0.00017928280066702138,
        -0.0016469428924781278,
        -0.0036731145201837775,
        4.9101802172596921e-10,
        7.9663341661307321e-10
      ],
      [
        -0.029836803254119634,
        0.55077231875464172,
        -0.0054126642635831338,
        -0.0050610624027806386,
        -0.0013811620262636503,
        -0.0010728998974936074,
        -0.0018047362549434593,
        -0.019559621727751428,
        -0.0072825947250398527,
        -0.0020632114042825182,
        -0.001068171651029379,
        -0.0018353659019263099,
        -0.0026899871540612083,
        -0.0010695105018128338,
        -0.00078961161440958209,
        -0.0011052260590670513,
        0.067525523298475484,
        0.0088277724416548943,
        0.0012507095374318167,
        0.00049405805793413797,
        -1.2603480795620079e-09,
        1.103743641680345e-08
      ],
      [
        -0.014691742492546039,
        -0.33178843108889472,
        -0.0027148609518047513,
        -0.002836480748259537,
        -0.0023554336172295453,
        -0.0017311376208820628,
        0.00033673662989972539,
        -0.00058720736011802597,
        -0.0052078043411185109,
        -0.0035758440205789742,
        -0.0030193034636501618,
        -0.00093691513825733979,
        -0.0015668529297901874,
        -0.0017486989674708614,
        -0.0013290601373446502,
        0.00017928280066702138,
        0.0088277724416548943,
        0.018899638122292069,
        0.0049603905645175597,
        0.0030774612837333412,
        -1.3167331748975566e-09,
        1.7801100763279605e-09
      ],
      [
        -0.0024184285851871624,
        -0.24136296137717975,
        -0.0023099818738606436,
        -0.0011640096550969042,
        -0.0020494674664832701,
        -0.0028010589374396107,
        -0.002629635065341948,
        0.001101920561353077,
        -0.00098391087000578741,
        -0.0040393026236844676,
        -0.0043744542710669977,
        -0.00081593785945391979,
        -0.00067651287774993056,
        -0.0016123456771171725,
        -0.0021496866169433324,
        -0.0016469428924781278,
        0.0012507095374318167,
        0.0049603905645175597,
        0.0066577149112044872,
        0.0044000756778146948,
        -1.0267648103574376e-09,
        -7.2754744462292975e-10
      ],
      [
        0.004104970179633469,
        -0.088203546531824772,
        -0.0020250422438835062,
        -0.0010159540784832671,
        -0.0017686343998876621,
        -0.0029997945647195529,
        -0.0059173366198116079,
        0.00055336498689627259,
        -0.00067840427495632102,
        -0.0029315303271944477,
        -0.0066449647021662311,
        -0.00071725125887035931,
        -0.00061679733852551804,
        -0.0013881053493358063,
        -0.0023225920645486321,
        -0.0036731145201837775,
        0.00049405805793413797,
        0.0030774612837333412,
        0.0044000756778146948,
        0.007649307755277791,
        -9.0422031271002881e-10,
        -9.7103905483618041e-10
      ],
      [
        9.2214731017337134e-10,
        1.0159753363774759e-08,
        6.6046515755140946e-10,
        6.9787689318777445e-10,
        1.9790948965274287e-09,
        5.7792768544921927e-10,
        7.9810038093981418e-10,
        3.3979453967602223e-10,
        5.200132656870187e-10,
        7.5079369036068119e-10,
        9.033268103911587e-10,
        1.8336155563779353e-10,
        2.5586836985567274e-10,
        6.454281561999307e-10,
        4.4548239582741291e-10,
        4.9101802172596921e-10,
        -1.2603480795620079e-09,
        -1.3167331748975566e-09,
        -1.0267648103574376e-09,
        -9.0422031271002881e-10,
        3.0045418856233596e-14,
        9.1498503434385583e-17
      ],
      [
        -2.0587642322843962e-09,
        -5.0532304428178209e-08,
        2.7896077079680499e-10,
        -7.9369510703568701e-10,
        5.9158580344503083e-11,
        4.9425232616165506e-10,
        1.2897727112111571e-09,
        -1.4483361938668737e-09,
        -4.432857724653018e-10,
        3.5616351114913555e-10,
        8.8348649081414651e-10,
        1.3063320243815089e-10,
        -3.389057287174889e-10,
        1.4080336085209257e-10,
        3.9260951662628192e-10,
        7.9663341661307321e-10,
        1.103743641680345e-08,
        1.7801100763279605e-09,
        -7.2754744462292975e-10,
        -9.7103905483618041e-10,
        9.1498503434385583e-17,
        1.8543779091205366e-14
      ]
      ]
